20 24
0.97 0.9 0.1 0.1 0.95 0.3 0.7 0.9 0.99 1. 0. 0.1 0.98 0.9 0.1 0.8 0.85 0.6 0.6 0.9 0.92 0.5 0.5 0.9 0.94 0.8 0.3 0.7 0.93 0.6 0.5 0.7 0.95 0.8 0.3 0.7 0.95 0.4 0.8 0.9 0.95 1. 0. 0.1 0.97 0.9 0.1 0.1 0.94 0.7 0.5 0.5 0.96 0.5 0.5 0.7 0.96 0.6 0.4 0.5 0.92 0.7 0.5 0.6 0.99 0.8 0.3 0.3 0.91 0.8 0.3 0.3 0.95 1. 0.2 0.1 0.98 0.9 0.1 0.1 0.87 0.8 0.2 0.2 0.92 0.7 0.4 0.7 0.93 0.7 0.4 0.7 0.9 0.8 0.3 0.5
0.8 0.8 0.4 0.7 0.86 0.8 0.9 0.3 0.79 0.9 0.1 0.5 0.74 0.5 0.5 0.5 0.71 0.7 0.5 0.8 0.72 0.3 0.5 0.7 0.83 0.3 0.5 0.7 0.84 0.8 0.4 0. 0.83 0.6 0.5 0.3 0.86 0.7 0.3 0.3 0.75 0.5 0.5 0.5 0.75 0.5 0.5 0.5 0.77 0.8 0.3 0.3 0.87 0.3 0.7 0.8 0.81 0.3 0.7 0.6 0.9 0.8 0.3 0.5 0.82 0.3 0.7 0.5 0.79 0.3 0.7 0.5 0.74 0.8 0.3 0.5 0.77 0.5 0.5 0.5 0.76 0.9 0.1 0. 0.82 0.3 0.7 0.5 0.86 0.3 0.7 0.5 0.87 0.7 0.3 0.5
0.97 0.9 0.2 0.1 0.94 0.7 0.3 0.4 0.9 0.9 0.1 0.1 0.9 0.9 0.1 0.1 0.9 0.7 0.3 0.3 0.95 0.7 0.3 0.3 0.96 0.8 0.2 0.2 0.88 0.8 0.2 0.2 0.97 0.9 0.1 0.1 0.92 0.8 0.2 0.2 0.96 0.9 0.1 0.1 0.98 0.9 0.1 0.1 0.86 0.8 0.2 0.2 0.92 0.8 0.2 0.2 0.92 0.8 0.2 0.2 0.91 0.8 0.2 0.2 0.99 0.9 0.9 0. 0.81 0.6 0.4 0.4 0.97 0.9 0.1 0.1 0.98 0.9 0.1 0.1 0.83 0.7 0.3 0.4 0.92 0.8 0.2 0.2 0.95 0.8 0.2 0.2 0.89 0.9 0.1 0.2
0.89 0.7 0.6 0.9 0.98 0.9 0.2 0.3 0.96 0.7 0.6 0.5 0.94 0.6 0.8 0.4 0.88 0.9 0.3 0.3 0.95 1. 0.1 0.2 0.93 0.6 0.7 0.6 0.98 0.9 0.3 0.4 0.99 0.9 0.3 0.5 0.98 0.9 0.3 0.2 0.93 0.7 0.5 0.7 0.96 0.6 0.7 0.8 0.86 0.9 0.4 0.4 0.91 0.7 0.7 0.5 0.95 0.8 0.4 0.5 0.96 0.9 0.4 0.5 0.99 1. 0.1 0.2 0.97 0.9 0.3 0.4 0.98 0.6 0.7 0.7 0.97 0.6 0.7 0.6 0.9 0.7 0.7 0.3 0.98 0.9 0.3 0.4 0.99 0.8 0.7 0.5 0.97 0.9 0.5 0.6
0.99 0.9 0.1 0. 0.96 0.9 0.1 0. 0.96 0.9 0.1 0. 0.95 0.8 0.2 1. 0.88 0.8 0.1 0. 0.92 0.8 0.1 1. 0.91 0.9 0. 0. 0.84 0.8 0.1 1. 0.99 0.9 0.1 0. 0.98 0.9 0.1 0. 0.97 0.9 0.1 0. 0.84 0.8 0.1 1. 0.86 0.8 0.1 1. 0.92 0.8 0.1 0.8 0.95 0.9 0. 0.9 0.83 0.7 0.1 1. 0.97 1. 0. 0. 0.98 0.9 0.1 0. 0.98 0.9 0.1 0.9 0.94 0.7 0.2 1. 0.87 0.8 0.1 1. 0.94 0.8 0.2 1. 0.94 1. 0. 0. 0.86 0.8 0.1 1.
0.94 0.8 0.2 0.2 0.76 1. 0. 0. 0.9 1. 0. 0. 0.89 1. 0. 0. 0.87 1. 0. 0. 0.93 1. 0. 0. 0.85 1. 0. 0. 0.89 1. 0. 0. 0.93 0.8 0.2 0.2 0.88 0.6 0.4 0.4 0.82 1. 0. 0. 0.87 1. 0. 0. 0.78 1. 0. 0. 0.86 1. 0. 0. 0.81 1. 0. 0. 0.86 1. 0. 0. 0.88 0.7 0.3 0.3 0.74 0. 1. 1. 0.86 1. 0. 0. 0.81 0.7 0.3 0.3 0.74 1. 0. 0. 0.82 1. 0. 0. 0.9 1. 0. 0. 0.9 1. 0. 0.
0.97 0.6 0.6 0.7 0.79 0.8 0.3 0.2 0.92 0.8 0.2 0.2 0.78 0.5 0.5 0.6 0.79 0.2 0.8 0.7 0.82 0.5 0.5 0.5 0.82 0.7 0.4 0.5 0.88 0.7 0.4 0. 0.97 0.7 0.3 0.2 0.92 0.2 0.7 0.5 0.94 0.8 0.3 0. 0.83 0.3 0.7 0.6 0.71 0.6 0.4 0.7 0.85 0.7 0.4 0.5 0.88 0.7 0.4 0.4 0.85 0.8 0.2 0. 0.97 0.9 0.1 0. 0.82 0.5 0.4 0.6 0.85 0.7 0.3 0.3 0.76 0.3 0.6 0.7 0.69 0.5 0.5 0.7 0.86 0.7 0.4 0.5 0.89 0.7 0.4 0.2 0.88 0.8 0.1 0.1
0.78 0.8 0.1 0.8 0.9 0.9 0. 0.9 0.86 0.9 0.8 0.8 0.83 0.9 0.1 0.8 0.84 0.6 0.9 0.7 0.67 0.7 0.1 0.6 0.86 1. 0. 0.8 0.76 1. 0.1 0.7 0.74 0.7 0.8 0.8 0.83 0.7 0.8 0.7 0.84 0.1 0.9 0.9 0.89 0.8 0. 0.8 0.73 1. 0.1 0.7 0.76 0.9 0. 0.7 0.81 1. 0. 0.8 0.85 0.8 0.4 0.7 0.82 1. 0.1 0.8 0.79 0.9 0. 0.7 0.84 0.9 0. 0.8 0.73 1. 0.1 0.7 0.7 1. 0.1 0.7 0.85 0.6 0.3 0.7 0.9 1. 0. 0.9 0.65 1. 0. 0.6
0.93 0.8 0.2 0.3 0.96 0.6 0.4 0.6 0.86 0.7 0.3 0.8 0.92 0.3 0.7 0.1 0.89 0.9 0.1 0.2 0.89 0.2 0.8 0.2 0.91 0.8 0.2 0.5 0.93 0.7 0.3 0.5 0.96 0.6 0.4 0.3 0.94 0.6 0.4 0.4 0.85 0.5 0.5 0.7 0.96 0.1 0.9 0.3 0.92 0.8 0.2 0.2 0.92 0.2 0.8 0.2 0.96 0.6 0.4 0.5 0.92 0.8 0.2 0.4 0.92 0.6 0.4 0.5 0.87 0.8 0.2 0.2 0.95 0.7 0.3 0.2 0.92 0.2 0.8 0.4 0.88 0.7 0.3 0.5 0.89 0.3 0.7 0.4 0.96 0.6 0.4 0.5 0.94 0.6 0.4 0.5
0.79 0.6 0.5 0.3 0.68 0.7 0.2 0.3 0.74 0.6 0.5 0.2 0.86 0.8 0.1 0. 0.8 0.7 0.3 0.2 0.78 0.7 0. 0.1 0.84 0.8 0.1 0.2 0.92 0.9 0. 0. 0.81 0.7 0.2 0.1 0.88 0.5 0.4 0.4 0.75 0.8 0.1 0.2 0.87 0.8 0.1 0.1 0.79 0.6 0.2 0.3 0.85 0.8 0.1 0.1 0.87 0.7 0.1 0.2 0.87 0.8 0.1 0.1 0.85 0.9 0. 0. 0.69 0.7 0. 0.2 0.76 0.8 0.1 0.1 0.84 0.9 0.1 0. 0.79 0.6 0.2 0.3 0.81 0.7 0.1 0.4 0.82 0.6 0.4 0.5 0.73 0.7 0.3 0.4
0.92 0.9 0.3 0.9 0.94 0.8 0.7 0.7 0.92 1. 0.2 0.9 0.82 0.9 0.4 0.7 0.79 0.9 0.1 0.9 0.77 0.8 0.2 0.7 0.75 0.7 0.2 0.7 0.86 0.7 0.6 0.9 0.9 0.9 0.4 0.8 0.87 0.7 0.5 0.6 0.91 0.9 0.2 1. 0.88 0.8 0.2 0.8 0.79 0.8 0.4 0.7 0.82 0.8 0.1 0.6 0.83 0.8 0.2 0.8 0.87 0.7 0.5 0.9 0.97 0.9 0.1 0.9 0.76 0.8 0.3 0.8 0.96 0.9 0.2 1. 0.98 0.8 0. 1. 0.82 0.8 0.2 0.7 0.75 0.7 0.4 0.8 0.89 0.9 0.1 0.7 0.92 1. 0.2 0.9
0.81 0.8 0.1 0.3 0.96 0.7 0.5 0.7 0.99 0.9 0.1 0.1 0.9 0.7 0.2 0.2 0.85 0.6 0.5 0.7 0.89 0.9 0. 0.1 0.89 0.8 0.1 0.4 0.96 0.8 0.1 0.2 0.95 0.7 0.2 0.4 0.94 0.7 0.3 0.2 0.94 0.9 0.1 0.1 0.95 0.7 0.2 0.3 0.83 0.8 0.2 0.2 0.91 0.9 0. 0.2 0.9 0.8 0.2 0.3 0.96 0.9 0. 0.1 0.99 0.8 0.3 0.4 0.92 0.7 0.3 0.5 0.93 0.9 0.1 0.1 0.87 0.8 0. 0.1 0.85 0.7 0.2 0.3 0.87 0.8 0.1 0.3 0.94 0.8 0.2 0.3 0.94 0.9 0. 0.1
0.89 0.7 0.9 0.8 0.96 0.9 0.2 0.2 0.94 0.6 0.9 0.8 0.93 0.7 0.5 0.6 0.87 0.8 0.2 0.2 0.92 0.7 0.9 0.8 0.88 0.7 0.5 0.6 0.92 0.8 0.1 0.1 0.96 0.9 0.1 0. 0.96 0.8 0.2 0.2 0.85 0.5 0.7 0.7 0.95 0.7 0.8 0.5 0.88 0.8 0.2 0.3 0.92 0.6 0.7 0.5 0.93 0.7 0.4 0.4 0.93 0.8 0.2 0.2 0.99 0.8 0.1 0.1 0.92 0.8 0.3 0.1 0.87 0.2 0.9 0.9 0.91 0.2 0.5 0.5 0.9 0.8 0.3 0.4 0.9 0.8 0.5 0.4 0.94 0.6 0.8 0.6 0.96 0.9 0.2 0.1
0.86 0.8 0.2 0. 0.89 0.8 0.2 0.1 0.73 0.6 0.4 0.1 0.9 0.7 0.3 0.3 0.87 0.8 0.2 0. 0.87 0.6 0.4 0.3 0.88 0.7 0.3 0.3 0.86 0.9 0.1 0. 0.92 0.8 0.2 0. 0.77 0.6 0.4 0.2 0.7 0.7 0.3 0.2 0.88 0.6 0.4 0.3 0.92 0.8 0.2 0.1 0.78 0.6 0.5 0.4 0.91 0.7 0.2 0.1 0.82 0.8 0.2 0. 0.93 0.8 0.2 0. 0.73 0.7 0.3 0.3 0.84 0.7 0.3 0.4 0.85 0.7 0.3 0.3 0.88 0.8 0.2 0. 0.84 0.8 0.2 0.2 0.89 0.7 0.3 0.2 0.86 0.9 0.1 0.
0.97 0.7 0.5 0.7 0.87 0.9 0.4 0.5 0.89 0.7 0.5 0.6 0.98 0.6 0.6 0.8 0.92 0.8 0.5 0.6 0.94 0.8 0.3 0.4 0.9 0.8 0.4 0.5 0.86 0.9 0.4 0.5 0.99 0.6 0.6 0.8 0.95 0.7 0.5 0.6 0.94 0.7 0.5 0.7 0.92 0.7 0.5 0.7 0.87 0.8 0.4 0.5 0.9 0.8 0.5 0.5 0.98 0.7 0.4 0.6 0.91 0.7 0.6 0.6 0.99 0.6 0.6 0.7 0.93 0.7 0.4 0.6 0.92 0.7 0.5 0.7 0.94 0.7 0.6 0.8 0.88 0.8 0.5 0.5 0.93 0.8 0.5 0.5 0.96 0.7 0.6 0.7 0.95 0.9 0.4 0.5
0.81 0.7 0.7 0.7 0.98 1. 0.3 0.2 0.92 0.8 0.4 0.3 0.92 1. 0.1 0.1 0.87 1. 0. 0. 0.92 1. 0. 0. 0.87 0.9 0.3 0.5 0.88 0.7 0.5 0.5 0.96 0.8 0.7 0.2 0.82 0.9 0.3 0.3 0.83 0.8 0.3 0.7 0.83 0.7 0.8 0.2 0.87 1. 0. 0. 0.92 0.9 0.3 0.1 0.93 0.9 0.2 0.2 0.86 0.8 0.3 0.5 0.98 0.9 0.3 0.2 0.88 0.9 0.3 0.2 0.95 1. 0. 0.2 0.98 1. 0.1 0.1 0.88 1. 0.1 0. 0.91 0.9 0.2 0.2 0.94 0.8 0.4 0.5 0.85 0.8 0.4 0.5
0.91 0.9 0.1 0.5 0.91 0.7 0.4 0.8 0.8 0.9 0.2 0.7 0.88 0.5 0.7 0.8 0.91 0.7 0.3 0. 0.83 0.8 0.3 0.4 0.91 0.9 0.1 0.5 0.75 0.5 0.9 0.1 0.96 0.8 0.2 0.6 0.88 0.8 0.2 0.5 0.84 0.8 0.1 0.6 0.93 0.9 0. 0.1 0.92 0.7 0.3 0. 0.9 0.7 0.3 0.5 0.9 0.7 0.3 0.4 0.86 0.6 0.4 0.2 0.93 0.8 0.2 0.2 0.78 0.8 0.3 0.2 0.78 0.8 0.2 0.4 0.78 0.5 0.5 0.4 0.92 0.8 0.2 0.5 0.82 0.7 0.3 0.7 0.92 0.5 0.4 0.5 0.9 0.8 0.2 0.5
0.83 1. 0. 0. 0.79 1. 0. 0. 0.71 1. 0. 0. 0.8 1. 0. 0. 0.83 1. 0. 0. 0.77 1. 0. 0. 0.91 1. 0. 0. 0.95 1. 0. 0. 0.92 1. 0. 0. 0.9 1. 0. 0. 0.71 1. 0. 0. 0.88 1. 0. 0. 0.86 1. 0. 0. 0.84 1. 0. 0. 0.83 1. 0. 0. 0.94 1. 0. 0. 0.92 1. 0. 0. 0.9 1. 0. 0. 0.71 1. 0. 0. 0.88 1. 0. 0. 0.86 1. 0. 0. 0.84 1. 0. 0. 0.83 1. 0. 0. 0.94 1. 0. 0.
0.92 0.8 0.2 0.6 0.79 0.9 0.1 0.3 0.83 0.3 0.8 0.8 0.91 0.4 0.6 0.8 0.91 0.7 0.3 0.2 0.9 0.7 0.3 0.3 0.9 0.8 0.2 0.2 0.95 1. 0.1 0. 0.91 0.7 0.3 0.4 0.91 0.6 0.4 0.7 0.92 0.9 0.1 0.3 0.88 0.9 0.1 0.1 0.9 0.7 0.3 0.2 0.9 0.8 0.2 0.2 0.93 0.8 0.3 0.5 0.94 0.9 0. 0. 0.94 0.8 0.3 0.2 0.84 0.9 0.1 0.1 0.86 0.6 0.6 0.7 0.91 0.7 0.4 0.6 0.88 0.7 0.4 0.5 0.87 0.5 0.6 0.7 0.92 0.8 0.2 0.2 0.95 1. 0. 0.
0.72 0.8 0.2 0.2 0.67 0.9 0.1 0.1 0.56 0.9 0.1 0. 0.69 0.8 0.2 0.1 0.85 0.9 0.1 0. 0.69 0.7 0.3 0.2 0.73 0.6 0.4 0.3 0.6 0.7 0.3 0.4 0.68 0.7 0.3 0.2 0.68 0.6 0.4 0.3 0.42 0.8 0.2 0. 0.63 0.7 0.3 0.2 0.77 0.8 0.2 0.1 0.57 0.9 0.1 0.1 0.77 0.7 0.3 0.2 0.61 0.7 0.3 0.2 0.74 0.7 0.3 0.1 0.75 0.5 0.5 0.7 0.61 0.5 0.5 0.8 0.76 0.6 0.4 0.7 0.87 0.8 0.2 0. 0.74 0.6 0.4 0.4 0.75 0.7 0.3 0.2 0.62 0.7 0.3 0.3
0.89 0.8 0.2 0.2 0.98 0.8 0.2 0.3 1. 0.7 0.2 0.4 0.94 0.6 0.4 0.5 0.79 0.8 0.2 0.1 0.91 0.8 0.2 0.2 0.88 0.7 0.3 0.3 0.95 0.9 0.1 0.2 0.96 0.8 0.2 0.2 0.93 0.4 0.6 0.7 0.99 0.9 0.1 0.1 0.97 0.5 0.5 0.5 0.79 0.8 0.2 0.1 0.89 0.8 0.2 0.2 0.94 0.7 0.3 0.2 0.92 0.7 0.3 0.4 1. 0.6 0.4 0.2 0.84 0.3 0.7 0.6 0.98 0.9 0.1 0.1 1. 0.8 0.2 0.1 0.88 0.7 0.3 0.5 0.94 0.8 0.2 0.1 0.94 0.7 0.3 0.2 0.94 0.8 0.2 0.2
0.94 0.8 0.1 0.4 0.93 0.9 0.1 0.1 0.91 0.9 0.1 0.2 0.9 0.8 0.2 0.3 0.87 0.8 0.3 0.2 0.95 0.7 0.4 0.5 0.91 0.6 0.4 0.4 0.95 0.9 0.1 0. 0.91 0.9 0.2 0.1 0.89 0.8 0.1 0. 0.93 0.7 0.3 0.4 0.98 0.8 0.2 0.2 0.89 0.8 0.2 0.1 0.88 0.7 0.3 0.4 0.89 0.8 0.3 0.3 0.92 0.8 0.2 0. 0.95 0.8 0.3 0.2 0.94 0.9 0.1 0. 0.87 0.9 0.1 0. 0.94 0.7 0.2 0.2 0.89 0.9 0.2 0.1 0.93 0.7 0.2 0.4 0.91 0.8 0.2 0.2 0.91 0.9 0.1 0.1
0.93 0.9 0. 1. 0.81 0.9 0.2 0.2 0.89 1. 0. 0. 0.91 0.8 0.2 0.9 0.88 0.8 0.1 0.1 0.76 0.8 0.2 0.7 0.88 1. 0. 0. 0.67 0.9 0.1 0.9 0.95 0.9 0.1 0.1 0.94 0.9 0.1 0.1 0.91 0.8 0.2 0.3 0.84 0.9 0. 0.1 0.79 0.9 0. 0.1 0.88 0.8 0.2 0.8 0.88 0.9 0.1 0.8 0.71 0.7 0.3 0.8 0.94 1. 0. 0. 0.88 0.8 0.3 0.8 0.82 0.8 0.3 0.7 0.9 0.8 0.4 0.8 0.83 0.8 0.3 0.7 0.93 0.8 0.3 0.5 0.9 0.8 0.2 0.3 0.75 0.7 0.3 0.7